<?xml version="1.0"?>
<opencv_storage>
<camera_K type_id="opencv-matrix">
  <rows>3</rows>
  <cols>3</cols>
  <dt>d</dt>
  <data>
    1.0225002461137648e+03 0. 2.7364786102757949e+02 0.
    1.0043329680691437e+03 6.1848698547736103e+02 0. 0. 1.</data></camera_K>
<camera_distCoeffs type_id="opencv-matrix">
  <rows>1</rows>
  <cols>5</cols>
  <dt>d</dt>
  <data>
    2.9185051523532490e-01 -2.5151460459608352e+00
    -5.8226749668985632e-02 3.5612304134497738e-03
    6.9084575515069053e+00</data></camera_distCoeffs>
</opencv_storage>
