<?xml version="1.0"?>
<opencv_storage>
<camera_K type_id="opencv-matrix">
  <rows>3</rows>
  <cols>3</cols>
  <dt>d</dt>
  <data>
    1.0225002461137648e+03 0. 2.7364786102757949e+02 0.
    1.0043329680691437e+03 6.1848698547736103e+02 0. 0. 1.</data></camera_K>
</opencv_storage>
